3,2
10,276
10,300
10,98
10,230
10,250
10,32
11,9
9,2
9,3
8,9
8,16
8,4
8,15
91,3
91,1
81,3
81,2
81,1
81,0
20,3
20,2
20,1
19,3
19,2
19,1
12,3
12,2
12,1
11,30
11,29
11,28
11,27
11,26
11,25
11,24
11,23
11,22
11,21
11,20
11,19
11,18
11,17
11,16
11,15
11,14
11,13
11,12
11,11
11,10
11,7
11,6
11,5
11,3
11,2
11,1
10,307
10,293
10,289
10,285
10,283
10,282
10,281
10,280
10,274
10,271
10,269
10,259
10,257
10,245
10,223
10,215
10,213
10,207
10,199
10,195
10,185
10,179
10,173
10,164
10,136
18,1
18,3
10,131
10,119
14,1
14,3
10,106
13,1
13,3
10,103
10,87
10,81
10,69
10,65
10,64
10,35
10,17
